==============================================================================================
OBSERVABLE:       inclusive jet cross section ratio R = 0.5 / R = 0.7
COLLISION TYPE:   proton-proton 
COLLISION ENERGY: 7 TeV 
EXPERIMENT:       CMS / LHC 
RUN:              2011 
LUMINOSITY:       5.0 fb-1 
==============================================================================================
Statistical correlation of the measured cross section between the pt bins in the rapidity range |y|<0.5
==============================================================================================
  56   64  1.00  0.23 -0.61 -0.13  0.20  0.01 -0.01  0     0     0     0     0     0     0     0     0     0     0     0     0     0     0     0     0     0     0     0     0     0     0     0     0     0    
  64   74  0.23  1.00  0.05 -0.58 -0.05  0.18 -0.02  0     0     0     0     0     0     0     0     0     0     0     0     0     0     0     0     0     0     0     0     0     0     0     0     0     0    
  74   84 -0.61  0.05  1.00  0.27 -0.38 -0.01  0.03  0     0     0     0     0     0     0     0     0     0     0     0     0     0     0     0     0     0     0     0     0     0     0     0     0     0    
  84   97 -0.13 -0.58  0.27  1.00  0.06 -0.35  0.05  0.02  0     0     0     0     0     0     0     0     0     0     0     0     0     0     0     0     0     0     0     0     0     0     0     0     0    
  97  114  0.20 -0.05 -0.38  0.06  1.00 -0.26 -0.31  0.09  0.09 -0.04  0     0     0     0     0     0     0     0     0     0     0     0     0     0     0     0     0     0     0     0     0     0     0    
 114  133  0.01  0.18 -0.01 -0.35 -0.26  1.00 -0.26 -0.31  0.13  0.10 -0.02  0     0     0     0     0     0     0     0     0     0     0     0     0     0     0     0     0     0     0     0     0     0    
 133  153 -0.01 -0.02  0.03  0.05 -0.31 -0.26  1.00 -0.23 -0.35  0.12  0.02  0     0     0     0     0     0     0     0     0     0     0     0     0     0     0     0     0     0     0     0     0     0    
 153  174  0     0     0     0.02  0.09 -0.31 -0.23  1.00  0.04 -0.41  0.04  0.04  0     0     0     0     0     0     0     0     0     0     0     0     0     0     0     0     0     0     0     0     0    
 174  196  0     0     0     0     0.09  0.13 -0.35  0.04  1.00 -0.19 -0.39  0.07  0.06 -0.03 -0.02  0     0     0     0     0     0     0     0     0     0     0     0     0     0     0     0     0     0    
 196  220  0     0     0     0    -0.04  0.10  0.12 -0.41 -0.19  1.00 -0.17 -0.41  0.06  0.16 -0.03 -0.02  0     0     0     0     0     0     0     0     0     0     0     0     0     0     0     0     0    
 220  245  0     0     0     0     0    -0.02  0.02  0.04 -0.39 -0.17  1.00 -0.14 -0.43  0.05  0.17 -0.02 -0.03  0     0     0     0     0     0     0     0     0     0     0     0     0     0     0     0    
 245  272  0     0     0     0     0     0     0     0.04  0.07 -0.41 -0.14  1.00 -0.12 -0.48  0.10  0.06  0     0     0     0     0     0     0     0     0     0     0     0     0     0     0     0     0    
 272  300  0     0     0     0     0     0     0     0     0.06  0.06 -0.43 -0.12  1.00  0.21 -0.48  0.02  0.08  0     0     0     0     0     0     0     0     0     0     0     0     0     0     0     0    
 300  330  0     0     0     0     0     0     0     0    -0.03  0.16  0.05 -0.48  0.21  1.00 -0.20 -0.28  0.08  0.04  0    -0.01  0     0     0     0     0     0     0     0     0     0     0     0     0    
 330  362  0     0     0     0     0     0     0     0    -0.02 -0.03  0.17  0.10 -0.48 -0.20  1.00  0.18 -0.34  0     0.05  0    -0.01  0     0     0     0     0     0     0     0     0     0     0     0    
 362  395  0     0     0     0     0     0     0     0     0    -0.02 -0.02  0.06  0.02 -0.28  0.18  1.00 -0.14 -0.50  0.04  0.16 -0.02 -0.01  0     0     0     0     0     0     0     0     0     0     0    
 395  430  0     0     0     0     0     0     0     0     0     0    -0.03  0     0.08  0.08 -0.34 -0.14  1.00 -0.08 -0.48 -0.03  0.16  0    -0.01  0     0     0     0     0     0     0     0     0     0    
 430  468  0     0     0     0     0     0     0     0     0     0     0     0     0     0.04  0    -0.50 -0.08  1.00 -0.07 -0.41  0.06  0.05  0     0     0     0     0     0     0     0     0     0     0    
 468  507  0     0     0     0     0     0     0     0     0     0     0     0     0     0     0.05  0.04 -0.48 -0.07  1.00  0.29 -0.44  0     0.05  0     0     0     0     0     0     0     0     0     0    
 507  548  0     0     0     0     0     0     0     0     0     0     0     0     0    -0.01  0     0.16 -0.03 -0.41  0.29  1.00 -0.17 -0.49  0.02  0.10  0    -0.01  0     0     0     0     0     0     0    
 548  592  0     0     0     0     0     0     0     0     0     0     0     0     0     0    -0.01 -0.02  0.16  0.06 -0.44 -0.17  1.00 -0.06 -0.51  0     0.10  0    -0.01  0     0     0     0     0     0    
 592  638  0     0     0     0     0     0     0     0     0     0     0     0     0     0     0    -0.01  0     0.05  0    -0.49 -0.06  1.00 -0.05 -0.55  0     0.11  0    -0.02  0     0     0     0     0    
 638  686  0     0     0     0     0     0     0     0     0     0     0     0     0     0     0     0    -0.01  0     0.05  0.02 -0.51 -0.05  1.00 -0.04 -0.55  0     0.11  0    -0.02  0     0     0     0    
 686  737  0     0     0     0     0     0     0     0     0     0     0     0     0     0     0     0     0     0     0     0.10  0    -0.55 -0.04  1.00 -0.05 -0.56 -0.01  0.12  0    -0.02  0     0     0    
 737  790  0     0     0     0     0     0     0     0     0     0     0     0     0     0     0     0     0     0     0     0     0.10  0    -0.55 -0.05  1.00 -0.03 -0.57 -0.03  0.12  0    -0.02  0     0    
 790  846  0     0     0     0     0     0     0     0     0     0     0     0     0     0     0     0     0     0     0    -0.01  0     0.11  0    -0.56 -0.03  1.00 -0.03 -0.58 -0.03  0.12  0.01 -0.02  0    
 846  905  0     0     0     0     0     0     0     0     0     0     0     0     0     0     0     0     0     0     0     0    -0.01  0     0.11 -0.01 -0.57 -0.03  1.00 -0.02 -0.59 -0.04  0.13  0    -0.02 
 905  967  0     0     0     0     0     0     0     0     0     0     0     0     0     0     0     0     0     0     0     0     0    -0.02  0     0.12 -0.03 -0.58 -0.02  1.00 -0.03 -0.59 -0.04  0.14  0.02 
 967 1032  0     0     0     0     0     0     0     0     0     0     0     0     0     0     0     0     0     0     0     0     0     0    -0.02  0     0.12 -0.03 -0.59 -0.03  1.00  0    -0.61 -0.02  0.14 
1032 1101  0     0     0     0     0     0     0     0     0     0     0     0     0     0     0     0     0     0     0     0     0     0     0    -0.02  0     0.12 -0.04 -0.59  0     1.00  0.02 -0.65 -0.06 
1101 1172  0     0     0     0     0     0     0     0     0     0     0     0     0     0     0     0     0     0     0     0     0     0     0     0    -0.02  0.01  0.13 -0.04 -0.61  0.02  1.00 -0.15 -0.61 
1172 1248  0     0     0     0     0     0     0     0     0     0     0     0     0     0     0     0     0     0     0     0     0     0     0     0     0    -0.02  0     0.14 -0.02 -0.65 -0.15  1.00  0.06 
1248 1327  0     0     0     0     0     0     0     0     0     0     0     0     0     0     0     0     0     0     0     0     0     0     0     0     0     0    -0.02  0.02  0.14 -0.06 -0.61  0.06  1.00 

==============================================================================================
Statistical correlation of the measured cross section between the pt bins in the rapidity range 0.5<|y|<1.0
==============================================================================================
  56   64  1.00  0.27 -0.59 -0.16  0.19  0.03 -0.01  0     0     0     0     0     0     0     0     0     0     0     0     0     0     0     0     0     0     0     0     0     0     0     0     0     0    
  64   74  0.27  1.00  0.08 -0.57 -0.10  0.19 -0.01 -0.01  0     0     0     0     0     0     0     0     0     0     0     0     0     0     0     0     0     0     0     0     0     0     0     0     0    
  74   84 -0.59  0.08  1.00  0.33 -0.37 -0.04  0.04  0     0     0     0     0     0     0     0     0     0     0     0     0     0     0     0     0     0     0     0     0     0     0     0     0     0    
  84   97 -0.16 -0.57  0.33  1.00  0.09 -0.37  0.05  0.03  0     0     0     0     0     0     0     0     0     0     0     0     0     0     0     0     0     0     0     0     0     0     0     0     0    
  97  114  0.19 -0.10 -0.37  0.09  1.00 -0.24 -0.33  0.08  0.11 -0.03  0     0     0     0     0     0     0     0     0     0     0     0     0     0     0     0     0     0     0     0     0     0     0    
 114  133  0.03  0.19 -0.04 -0.37 -0.24  1.00 -0.22 -0.33  0.10  0.11 -0.01  0     0     0     0     0     0     0     0     0     0     0     0     0     0     0     0     0     0     0     0     0     0    
 133  153 -0.01 -0.01  0.04  0.05 -0.33 -0.22  1.00 -0.16 -0.38  0.11  0.03  0     0     0     0     0     0     0     0     0     0     0     0     0     0     0     0     0     0     0     0     0     0    
 153  174  0    -0.01  0     0.03  0.08 -0.33 -0.16  1.00  0.08 -0.43  0.04  0.04  0     0     0     0     0     0     0     0     0     0     0     0     0     0     0     0     0     0     0     0     0    
 174  196  0     0     0     0     0.11  0.10 -0.38  0.08  1.00 -0.18 -0.40  0.07  0.06 -0.03 -0.02  0     0     0     0     0     0     0     0     0     0     0     0     0     0     0     0     0     0    
 196  220  0     0     0     0    -0.03  0.11  0.11 -0.43 -0.18  1.00 -0.14 -0.42  0.05  0.17 -0.03 -0.02  0     0     0     0     0     0     0     0     0     0     0     0     0     0     0     0     0    
 220  245  0     0     0     0     0    -0.01  0.03  0.04 -0.40 -0.14  1.00 -0.10 -0.44  0.01  0.18  0    -0.03  0     0     0     0     0     0     0     0     0     0     0     0     0     0     0     0    
 245  272  0     0     0     0     0     0     0     0.04  0.07 -0.42 -0.10  1.00 -0.08 -0.50  0.08  0.07  0     0     0     0     0     0     0     0     0     0     0     0     0     0     0     0     0    
 272  300  0     0     0     0     0     0     0     0     0.06  0.05 -0.44 -0.08  1.00  0.26 -0.50  0     0.09  0.01  0     0     0     0     0     0     0     0     0     0     0     0     0     0     0    
 300  330  0     0     0     0     0     0     0     0    -0.03  0.17  0.01 -0.50  0.26  1.00 -0.19 -0.29  0.07  0.05  0    -0.01  0     0     0     0     0     0     0     0     0     0     0     0     0    
 330  362  0     0     0     0     0     0     0     0    -0.02 -0.03  0.18  0.08 -0.50 -0.19  1.00  0.22 -0.35  0     0.05  0    -0.01  0     0     0     0     0     0     0     0     0     0     0     0    
 362  395  0     0     0     0     0     0     0     0     0    -0.02  0     0.07  0    -0.29  0.22  1.00 -0.11 -0.51  0.02  0.17 -0.01 -0.02  0     0     0     0     0     0     0     0     0     0     0    
 395  430  0     0     0     0     0     0     0     0     0     0    -0.03  0     0.09  0.07 -0.35 -0.11  1.00 -0.04 -0.50 -0.07  0.18  0    -0.02  0     0     0     0     0     0     0     0     0     0    
 430  468  0     0     0     0     0     0     0     0     0     0     0     0     0.01  0.05  0    -0.51 -0.04  1.00 -0.02 -0.41  0.04  0.05  0     0     0     0     0     0     0     0     0     0     0    
 468  507  0     0     0     0     0     0     0     0     0     0     0     0     0     0     0.05  0.02 -0.50 -0.02  1.00  0.32 -0.45 -0.02  0.06  0     0     0     0     0     0     0     0     0     0    
 507  548  0     0     0     0     0     0     0     0     0     0     0     0     0    -0.01  0     0.17 -0.07 -0.41  0.32  1.00 -0.14 -0.49  0     0.10  0    -0.01  0     0     0     0     0     0     0    
 548  592  0     0     0     0     0     0     0     0     0     0     0     0     0     0    -0.01 -0.01  0.18  0.04 -0.45 -0.14  1.00 -0.02 -0.51  0     0.11  0    -0.01  0     0     0     0     0     0    
 592  638  0     0     0     0     0     0     0     0     0     0     0     0     0     0     0    -0.02  0     0.05 -0.02 -0.49 -0.02  1.00 -0.02 -0.54 -0.01  0.11  0    -0.01  0     0     0     0     0    
 638  686  0     0     0     0     0     0     0     0     0     0     0     0     0     0     0     0    -0.02  0     0.06  0    -0.51 -0.02  1.00  0    -0.55 -0.02  0.11  0    -0.01  0     0     0     0    
 686  737  0     0     0     0     0     0     0     0     0     0     0     0     0     0     0     0     0     0     0     0.10  0    -0.54  0     1.00 -0.02 -0.54 -0.02  0.11  0    -0.02  0     0     0    
 737  790  0     0     0     0     0     0     0     0     0     0     0     0     0     0     0     0     0     0     0     0     0.11 -0.01 -0.55 -0.02  1.00  0.02 -0.55 -0.03  0.11  0.01 -0.01  0     0    
 790  846  0     0     0     0     0     0     0     0     0     0     0     0     0     0     0     0     0     0     0    -0.01  0     0.11 -0.02 -0.54  0.02  1.00  0    -0.56 -0.04  0.12  0.01 -0.02  0    
 846  905  0     0     0     0     0     0     0     0     0     0     0     0     0     0     0     0     0     0     0     0    -0.01  0     0.11 -0.02 -0.55  0     1.00  0.02 -0.56 -0.06  0.11  0.01 -0.02 
 905  967  0     0     0     0     0     0     0     0     0     0     0     0     0     0     0     0     0     0     0     0     0    -0.01  0     0.11 -0.03 -0.56  0.02  1.00  0.03 -0.57 -0.03  0.11  0.01 
 967 1032  0     0     0     0     0     0     0     0     0     0     0     0     0     0     0     0     0     0     0     0     0     0    -0.01  0     0.11 -0.04 -0.56  0.03  1.00  0.06 -0.53 -0.02  0.13 
1032 1101  0     0     0     0     0     0     0     0     0     0     0     0     0     0     0     0     0     0     0     0     0     0     0    -0.02  0.01  0.12 -0.06 -0.57  0.06  1.00  0.03 -0.49 -0.04 
1101 1172  0     0     0     0     0     0     0     0     0     0     0     0     0     0     0     0     0     0     0     0     0     0     0     0    -0.01  0.01  0.11 -0.03 -0.53  0.03  1.00 -0.04 -0.60 
1172 1248  0     0     0     0     0     0     0     0     0     0     0     0     0     0     0     0     0     0     0     0     0     0     0     0     0    -0.02  0.01  0.11 -0.02 -0.49 -0.04  1.00  0.16 
1248 1327  0     0     0     0     0     0     0     0     0     0     0     0     0     0     0     0     0     0     0     0     0     0     0     0     0     0    -0.02  0.01  0.13 -0.04 -0.60  0.16  1.00 

==============================================================================================
Statistical correlation of the measured cross section between the pt bins in the rapidity range 1.0<|y|<1.5
==============================================================================================
  56   64  1.00  0.41 -0.51 -0.34  0.10  0.11 -0.01  0     0     0     0     0     0     0     0     0     0     0     0     0     0     0     0     0     0     0     0     0     0     0    
  64   74  0.41  1.00  0.14 -0.53 -0.31  0.21  0.01 -0.02 -0.01  0     0     0     0     0     0     0     0     0     0     0     0     0     0     0     0     0     0     0     0     0    
  74   84 -0.51  0.14  1.00  0.56 -0.25 -0.18  0.04  0.02  0     0     0     0     0     0     0     0     0     0     0     0     0     0     0     0     0     0     0     0     0     0    
  84   97 -0.34 -0.53  0.56  1.00  0.29 -0.47  0.01  0.05  0.01  0     0     0     0     0     0     0     0     0     0     0     0     0     0     0     0     0     0     0     0     0    
  97  114  0.10 -0.31 -0.25  0.29  1.00 -0.17 -0.44  0.05  0.19 -0.02 -0.02  0     0     0     0     0     0     0     0     0     0     0     0     0     0     0     0     0     0     0    
 114  133  0.11  0.21 -0.18 -0.47 -0.17  1.00 -0.08 -0.43 -0.04  0.18  0    -0.02  0     0     0     0     0     0     0     0     0     0     0     0     0     0     0     0     0     0    
 133  153 -0.01  0.01  0.04  0.01 -0.44 -0.08  1.00  0.01 -0.45  0.02  0.05  0     0     0     0     0     0     0     0     0     0     0     0     0     0     0     0     0     0     0    
 153  174  0    -0.02  0.02  0.05  0.05 -0.43  0.01  1.00  0.29 -0.52 -0.03  0.06  0     0     0     0     0     0     0     0     0     0     0     0     0     0     0     0     0     0    
 174  196  0    -0.01  0     0.01  0.19 -0.04 -0.45  0.29  1.00 -0.14 -0.47  0.01  0.09  0.02 -0.04 -0.01  0     0     0     0     0     0     0     0     0     0     0     0     0     0    
 196  220  0     0     0     0    -0.02  0.18  0.02 -0.52 -0.14  1.00  0    -0.50 -0.02  0.22  0.01 -0.03  0     0     0     0     0     0     0     0     0     0     0     0     0     0    
 220  245  0     0     0     0    -0.02  0     0.05 -0.03 -0.47  0     1.00  0    -0.52 -0.20  0.25  0.07 -0.04 -0.01  0     0     0     0     0     0     0     0     0     0     0     0    
 245  272  0     0     0     0     0    -0.02  0     0.06  0.01 -0.50  0     1.00  0.12 -0.48 -0.05  0.09  0.02  0     0     0     0     0     0     0     0     0     0     0     0     0    
 272  300  0     0     0     0     0     0     0     0     0.09 -0.02 -0.52  0.12  1.00  0.46 -0.56 -0.15  0.11  0.04  0     0     0     0     0     0     0     0     0     0     0     0    
 300  330  0     0     0     0     0     0     0     0     0.02  0.22 -0.20 -0.48  0.46  1.00 -0.16 -0.33  0.01  0.07  0.01 -0.01  0     0     0     0     0     0     0     0     0     0    
 330  362  0     0     0     0     0     0     0     0    -0.04  0.01  0.25 -0.05 -0.56 -0.16  1.00  0.38 -0.39 -0.09  0.06  0.04 -0.01  0     0     0     0     0     0     0     0     0    
 362  395  0     0     0     0     0     0     0     0    -0.01 -0.03  0.07  0.09 -0.15 -0.33  0.38  1.00  0    -0.56 -0.08  0.18  0.04 -0.01  0     0     0     0     0     0     0     0    
 395  430  0     0     0     0     0     0     0     0     0     0    -0.04  0.02  0.11  0.01 -0.39  0     1.00  0.09 -0.54 -0.25  0.21  0.05 -0.01  0     0     0     0     0     0     0    
 430  468  0     0     0     0     0     0     0     0     0     0    -0.01  0     0.04  0.07 -0.09 -0.56  0.09  1.00  0.19 -0.36 -0.10  0.05  0.02  0     0     0     0     0     0     0    
 468  507  0     0     0     0     0     0     0     0     0     0     0     0     0     0.01  0.06 -0.08 -0.54  0.19  1.00  0.46 -0.50 -0.11  0.06  0.02  0     0     0     0     0     0    
 507  548  0     0     0     0     0     0     0     0     0     0     0     0     0    -0.01  0.04  0.18 -0.25 -0.36  0.46  1.00 -0.08 -0.50 -0.08  0.11  0.03 -0.01  0     0     0     0    
 548  592  0     0     0     0     0     0     0     0     0     0     0     0     0     0    -0.01  0.04  0.21 -0.10 -0.50 -0.08  1.00  0.14 -0.51 -0.11  0.11  0.04 -0.01  0     0     0    
 592  638  0     0     0     0     0     0     0     0     0     0     0     0     0     0     0    -0.01  0.05  0.05 -0.11 -0.50  0.14  1.00  0.13 -0.54 -0.11  0.11  0.04 -0.01  0     0    
 638  686  0     0     0     0     0     0     0     0     0     0     0     0     0     0     0     0    -0.01  0.02  0.06 -0.08 -0.51  0.13  1.00  0.15 -0.53 -0.13  0.11  0.04  0     0    
 686  737  0     0     0     0     0     0     0     0     0     0     0     0     0     0     0     0     0     0     0.02  0.11 -0.11 -0.54  0.15  1.00  0.14 -0.53 -0.14  0.12  0.04 -0.01 
 737  790  0     0     0     0     0     0     0     0     0     0     0     0     0     0     0     0     0     0     0     0.03  0.11 -0.11 -0.53  0.14  1.00  0.17 -0.50 -0.11  0.10  0.05 
 790  846  0     0     0     0     0     0     0     0     0     0     0     0     0     0     0     0     0     0     0    -0.01  0.04  0.11 -0.13 -0.53  0.17  1.00  0.20 -0.54 -0.14  0.12 
 846  905  0     0     0     0     0     0     0     0     0     0     0     0     0     0     0     0     0     0     0     0    -0.01  0.04  0.11 -0.14 -0.50  0.20  1.00  0.12 -0.51 -0.17 
 905  967  0     0     0     0     0     0     0     0     0     0     0     0     0     0     0     0     0     0     0     0     0    -0.01  0.04  0.12 -0.11 -0.54  0.12  1.00  0.20 -0.52 
 967 1032  0     0     0     0     0     0     0     0     0     0     0     0     0     0     0     0     0     0     0     0     0     0     0     0.04  0.10 -0.14 -0.51  0.20  1.00  0.14 
1032 1101  0     0     0     0     0     0     0     0     0     0     0     0     0     0     0     0     0     0     0     0     0     0     0    -0.01  0.05  0.12 -0.17 -0.52  0.14  1.00 

==============================================================================================
Statistical correlation of the measured cross section between the pt bins in the rapidity range 1.5<|y|<2.0
==============================================================================================
  56   64  1.00  0.35 -0.56 -0.23  0.19  0.04 -0.01  0     0     0     0     0     0     0     0     0     0     0     0     0     0     0     0     0     0     0    
  64   74  0.35  1.00  0.12 -0.55 -0.09  0.17 -0.02  0     0     0     0     0     0     0     0     0     0     0     0     0     0     0     0     0     0     0    
  74   84 -0.56  0.12  1.00  0.38 -0.38 -0.05  0.03  0     0     0     0     0     0     0     0     0     0     0     0     0     0     0     0     0     0     0    
  84   97 -0.23 -0.55  0.38  1.00  0.04 -0.34  0.06  0.02 -0.01  0     0     0     0     0     0     0     0     0     0     0     0     0     0     0     0     0    
  97  114  0.19 -0.09 -0.38  0.04  1.00 -0.23 -0.28  0.09  0.06 -0.03  0     0     0     0     0     0     0     0     0     0     0     0     0     0     0     0    
 114  133  0.04  0.17 -0.05 -0.34 -0.23  1.00 -0.27 -0.25  0.15  0.06 -0.02  0     0     0     0     0     0     0     0     0     0     0     0     0     0     0    
 133  153 -0.01 -0.02  0.03  0.06 -0.28 -0.27  1.00 -0.27 -0.26  0.12  0     0     0     0     0     0     0     0     0     0     0     0     0     0     0     0    
 153  174  0     0     0     0.02  0.09 -0.25 -0.27  1.00 -0.12 -0.33  0.06  0.02  0     0     0     0     0     0     0     0     0     0     0     0     0     0    
 174  196  0     0     0    -0.01  0.06  0.15 -0.26 -0.12  1.00 -0.23 -0.28  0.09  0.02 -0.03  0     0     0     0     0     0     0     0     0     0     0     0    
 196  220  0     0     0     0    -0.03  0.06  0.12 -0.33 -0.23  1.00 -0.26 -0.28  0.09  0.06 -0.03  0     0     0     0     0     0     0     0     0     0     0    
 220  245  0     0     0     0     0    -0.02  0     0.06 -0.28 -0.26  1.00 -0.26 -0.27  0.16  0.07 -0.03  0     0     0     0     0     0     0     0     0     0    
 245  272  0     0     0     0     0     0     0     0.02  0.09 -0.28 -0.26  1.00 -0.26 -0.29  0.13  0    -0.01  0     0     0     0     0     0     0     0     0    
 272  300  0     0     0     0     0     0     0     0     0.02  0.09 -0.27 -0.26  1.00 -0.09 -0.34  0.10  0.04  0     0     0     0     0     0     0     0     0    
 300  330  0     0     0     0     0     0     0     0    -0.03  0.06  0.16 -0.29 -0.09  1.00 -0.27 -0.18  0.09  0     0     0     0     0     0     0     0     0    
 330  362  0     0     0     0     0     0     0     0     0    -0.03  0.07  0.13 -0.34 -0.27  1.00  0    -0.24  0.05  0.01 -0.01  0     0     0     0     0     0    
 362  395  0     0     0     0     0     0     0     0     0     0    -0.03  0     0.10 -0.18  0     1.00 -0.28 -0.28  0.10  0.04 -0.03  0     0     0     0     0    
 395  430  0     0     0     0     0     0     0     0     0     0     0    -0.01  0.04  0.09 -0.24 -0.28  1.00 -0.25 -0.26  0.12  0.05 -0.01  0     0     0     0    
 430  468  0     0     0     0     0     0     0     0     0     0     0     0     0     0     0.05 -0.28 -0.25  1.00 -0.29 -0.22  0.11  0     0     0     0     0    
 468  507  0     0     0     0     0     0     0     0     0     0     0     0     0     0     0.01  0.10 -0.26 -0.29  1.00 -0.06 -0.28  0.05  0.02  0     0     0    
 507  548  0     0     0     0     0     0     0     0     0     0     0     0     0     0    -0.01  0.04  0.12 -0.22 -0.06  1.00 -0.25 -0.27  0.10  0.02 -0.01  0    
 548  592  0     0     0     0     0     0     0     0     0     0     0     0     0     0     0    -0.03  0.05  0.11 -0.28 -0.25  1.00 -0.27 -0.27  0.09  0.01 -0.01 
 592  638  0     0     0     0     0     0     0     0     0     0     0     0     0     0     0     0    -0.01  0     0.05 -0.27 -0.27  1.00 -0.25 -0.29  0.11  0.02 
 638  686  0     0     0     0     0     0     0     0     0     0     0     0     0     0     0     0     0     0     0.02  0.10 -0.27 -0.25  1.00 -0.25 -0.26  0.10 
 686  737  0     0     0     0     0     0     0     0     0     0     0     0     0     0     0     0     0     0     0     0.02  0.09 -0.29 -0.25  1.00 -0.28 -0.28 
 737  790  0     0     0     0     0     0     0     0     0     0     0     0     0     0     0     0     0     0     0    -0.01  0.01  0.11 -0.26 -0.28  1.00 -0.17 
 790  846  0     0     0     0     0     0     0     0     0     0     0     0     0     0     0     0     0     0     0     0    -0.01  0.02  0.10 -0.28 -0.17  1.00 

==============================================================================================
Statistical correlation of the measured cross section between the pt bins in the rapidity range 2.0<|y|<2.5
==============================================================================================
  56   64  1.00  0.28 -0.58 -0.12  0.19  0     0     0     0     0     0     0     0     0     0     0     0     0     0     0     0    
  64   74  0.28  1.00  0.07 -0.56  0.03  0.13 -0.02  0     0     0     0     0     0     0     0     0     0     0     0     0     0    
  74   84 -0.58  0.07  1.00  0.22 -0.37  0.01  0.02  0     0     0     0     0     0     0     0     0     0     0     0     0     0    
  84   97 -0.12 -0.56  0.22  1.00 -0.08 -0.28  0.06  0     0     0     0     0     0     0     0     0     0     0     0     0     0    
  97  114  0.19  0.03 -0.37 -0.08  1.00 -0.29 -0.19  0.08  0.01 -0.02  0     0     0     0     0     0     0     0     0     0     0    
 114  133  0     0.13  0.01 -0.28 -0.29  1.00 -0.34 -0.17  0.15  0.02 -0.01  0     0     0     0     0     0     0     0     0     0    
 133  153  0    -0.02  0.02  0.06 -0.19 -0.34  1.00 -0.35 -0.13  0.11  0     0     0     0     0     0     0     0     0     0     0    
 153  174  0     0     0     0     0.08 -0.17 -0.35  1.00 -0.26 -0.25  0.06  0     0     0     0     0     0     0     0     0     0    
 174  196  0     0     0     0     0.01  0.15 -0.13 -0.26  1.00 -0.25 -0.21  0.09  0    -0.03  0     0     0     0     0     0     0    
 196  220  0     0     0     0    -0.02  0.02  0.11 -0.25 -0.25  1.00 -0.31 -0.20  0.09  0.02 -0.02  0     0     0     0     0     0    
 220  245  0     0     0     0     0    -0.01  0     0.06 -0.21 -0.31  1.00 -0.33 -0.20  0.18  0.03 -0.03  0     0     0     0     0    
 245  272  0     0     0     0     0     0     0     0     0.09 -0.20 -0.33  1.00 -0.32 -0.18  0.12  0     0     0     0     0     0    
 272  300  0     0     0     0     0     0     0     0     0     0.09 -0.20 -0.32  1.00 -0.25 -0.28  0.10  0.02  0     0     0     0    
 300  330  0     0     0     0     0     0     0     0    -0.03  0.02  0.18 -0.18 -0.25  1.00 -0.26 -0.14  0.07  0     0     0     0    
 330  362  0     0     0     0     0     0     0     0     0    -0.02  0.03  0.12 -0.28 -0.26  1.00 -0.08 -0.19  0.05  0     0     0    
 362  395  0     0     0     0     0     0     0     0     0     0    -0.03  0     0.10 -0.14 -0.08  1.00 -0.28 -0.23  0.10  0.01 -0.02 
 395  430  0     0     0     0     0     0     0     0     0     0     0     0     0.02  0.07 -0.19 -0.28  1.00 -0.25 -0.23  0.12  0.03 
 430  468  0     0     0     0     0     0     0     0     0     0     0     0     0     0     0.05 -0.23 -0.25  1.00 -0.30 -0.13  0.09 
 468  507  0     0     0     0     0     0     0     0     0     0     0     0     0     0     0     0.10 -0.23 -0.30  1.00 -0.20 -0.23 
 507  548  0     0     0     0     0     0     0     0     0     0     0     0     0     0     0     0.01  0.12 -0.13 -0.20  1.00 -0.22 
 548  592  0     0     0     0     0     0     0     0     0     0     0     0     0     0     0    -0.02  0.03  0.09 -0.23 -0.22  1.00 

==============================================================================================
Statistical correlation of the measured cross section between the pt bins in the rapidity range 2.5<|y|<3.0
==============================================================================================
  56   64  1.00  0.48 -0.47 -0.38  0.08  0.13 -0.01  0     0     0     0     0     0     0     0    
  64   74  0.48  1.00  0.14 -0.49 -0.30  0.21  0    -0.01  0     0     0     0     0     0     0    
  74   84 -0.47  0.14  1.00  0.62 -0.25 -0.20  0.04  0.01  0     0     0     0     0     0     0    
  84   97 -0.38 -0.49  0.62  1.00  0.24 -0.47  0.03  0.04  0     0     0     0     0     0     0    
  97  114  0.08 -0.30 -0.25  0.24  1.00 -0.15 -0.40  0.08  0.13 -0.03  0     0     0     0     0    
 114  133  0.13  0.21 -0.20 -0.47 -0.15  1.00 -0.12 -0.37  0.07  0.12  0     0     0     0     0    
 133  153 -0.01  0     0.04  0.03 -0.40 -0.12  1.00 -0.09 -0.38  0.07  0.02  0     0     0     0    
 153  174  0    -0.01  0.01  0.04  0.08 -0.37 -0.09  1.00  0.04 -0.42  0.04  0.03  0     0     0    
 174  196  0     0     0     0     0.13  0.07 -0.38  0.04  1.00 -0.13 -0.39  0.09  0.04 -0.04  0    
 196  220  0     0     0     0    -0.03  0.12  0.07 -0.42 -0.13  1.00 -0.09 -0.39  0.08  0.11 -0.03 
 220  245  0     0     0     0     0     0     0.02  0.04 -0.39 -0.09  1.00 -0.11 -0.38  0.12  0.11 
 245  272  0     0     0     0     0     0     0     0.03  0.09 -0.39 -0.11  1.00 -0.12 -0.37  0.07 
 272  300  0     0     0     0     0     0     0     0     0.04  0.08 -0.38 -0.12  1.00 -0.08 -0.38 
 300  330  0     0     0     0     0     0     0     0    -0.04  0.11  0.12 -0.37 -0.08  1.00  0.01 
 330  362  0     0     0     0     0     0     0     0     0    -0.03  0.11  0.07 -0.38  0.01  1.00 

